var mapping = Array(15030572).fill(0);
var agglos  = [];
agglos.push([9917440, 11107887, 11107895]);
agglos.push([9917288, 9917620, 9918079, 9918110, 11107844, 11107859, 11107864, 11107868, 11107881]);
agglos.push([9917390, 9918157, 11108096]);
agglos.push([9917337, 9917339, 9917361, 9917364, 9917424, 9918024]);
agglos.push([9983108]);
agglos.push([9916774]);
agglos.push([9916965, 9917096, 9917165]);
agglos.push([9916964, 9917071, 9917236, 9917447, 9917845]);
agglos.push([9917335, 9977279, 9977538, 9977869, 9977903, 9978295, 9983971, 9984264, 9984265, 9984470, 9984660, 9984665, 9984695, 9984724, 9984894, 9984943, 9984949, 9984968, 9985082, 9985416, 9985437, 9985441, 9985532, 9985552, 9985688, 9985779, 9985896, 9985974]);
agglos.push([9916972, 9917104, 9917177, 9985955, 9986036]);
agglos.push([9976406, 9976613, 9976615, 9976671]);
agglos.push([9913434, 9914155, 9914405, 9914596, 9914675, 9915434, 9915650, 9915687, 9916205, 9916207, 9916235, 9916236, 9916328, 9916362, 9916366, 9916471, 9916498, 9917151, 9917559, 9917787, 9982268, 9985153]);
agglos.push([9904714, 9905182]);
agglos.push([9986315]);
agglos.push([9917561]);
agglos.push([9917342, 9917345]);
agglos.push([9914939, 9915115, 9915228, 9915478, 9915535, 9915770, 9916102, 9916355, 9916735, 9916878, 9917035, 9917299, 9917497, 9917912, 9918116, 9918118, 9918209, 9918211, 9918237, 11107951, 11107960, 11107965, 11107966, 11107974]);
agglos.push([9917291, 9917418, 9917441, 9917544, 9917621, 9917645, 9917647]);
agglos.push([9986500, 9986501]);
agglos.push([9917699, 9917700, 9917760, 9917780, 9917782, 9917815, 9917916, 9918115, 9918173, 9918178, 9918184, 9918205, 11107891, 11107917, 11108024, 11108035, 11108050]);
agglos.push([9917078, 9917363, 9917426, 9917957, 11108034, 11108046]);
agglos.push([9914920, 9983432, 9983460, 9983461, 9983462, 9983481, 9983589, 9983591, 9983593, 9983595, 9983652, 9983686, 9983705, 9983767, 9983833, 9983912, 9983997, 9984020, 9984177, 9984285, 9984303]);
agglos.push([9983003, 9983005, 9983009, 9983069]);
agglos.push([9917631, 9917924, 9917988, 9918066, 9918124, 9986633, 9986706]);
agglos.push([9917731, 9918055, 11107973, 11107983]);
agglos.push([9917499, 9917550, 9917582, 9917603, 9917649, 9917698, 9917781, 9917813, 9917850, 9917886, 9917944, 9917984, 9918045, 9918046, 9918082, 9918085, 9918170]);
agglos.push([9917409, 9917429, 9917448, 9917452, 9917455, 9917521, 9986279, 9986471, 9986562, 9986808, 9986840, 9987001, 9987030]);
agglos.push([9917688, 11107853]);
agglos.push([9917668, 9917847, 9917879, 9917909, 9917911, 9918047, 9918086, 9918114, 9918231, 9918234, 9918288, 11107902, 11107903, 11107904, 11107924, 11107933, 11107934, 11107937, 11107949, 11107954]);
agglos.push([9983270, 9983778]);
agglos.push([9917776, 9917883, 11107984]);
agglos.push([9917740, 9917990, 11108042]);
agglos.push([9917229, 9917382, 9917542, 9918011, 11107883]);
agglos.push([9905251]);
agglos.push([9905474]);
agglos.push([9909330]);
agglos.push([9916950, 9917173, 9917191, 9917824, 9986519, 9986737]);
agglos.push([9904891, 9905428, 9905521]);
agglos.push([9905335, 9905501, 9905892, 9973931, 9975028, 9975114]);
agglos.push([9905429, 9905576, 9905786, 9913146, 9913399, 9913438, 9913577, 9913618, 9913620, 9913643, 9913645, 9913672, 9913731, 9913749, 9913760, 9913761, 9913763, 9913806, 9913808, 9913809, 9913842, 9913844, 9913871, 9913898, 9913903, 9913923, 9913925, 9913947, 9913989, 9914106, 9914223, 9914406, 9914432, 9914469, 9914566, 9914595, 9914691, 9974316, 9974322, 9974325, 9974370, 9974482, 9974484, 9974543, 9974665, 9975086, 9975172, 9981477, 9981713, 9981779, 9981952, 9981979, 9982062, 9982087, 9982107, 9982149, 9982177, 9982180, 9982222, 9982270, 9982295, 9982332, 9982333, 9982404, 9982405, 9982469, 9982527, 9982551, 9982605, 9982836, 9982879, 9983067, 9983174, 9983427, 9983475, 9983478, 9983536]);
agglos.push([9982800, 9982904, 9983040, 9983043]);
agglos.push([9982773, 9982793]);
agglos.push([9917404, 9917442, 9917477, 9917495, 9917545]);
agglos.push([9917504, 9917991, 9986186]);
agglos.push([9918400, 11108062]);
agglos.push([9987084, 11168171]);
agglos.push([11107894]);
agglos.push([9986025, 9986778]);
agglos.push([11108233]);
agglos.push([11107888]);
agglos.push([9986953]);
agglos.push([9987025]);
agglos.push([11168086, 11168090, 11168094, 11168453]);
agglos.push([9917093, 9917140]);
agglos.push([9906194]);
agglos.push([9907223]);
agglos.push([9974628, 9974664, 9974666, 9982179, 9982181, 9982276, 9982409]);
agglos.push([9908008]);
agglos.push([9976892]);
agglos.push([9908460]);
agglos.push([9908494, 9908602]);
agglos.push([9909830]);
agglos.push([9909940]);
agglos.push([9909997]);
agglos.push([9912886]);
agglos.push([9912193]);
agglos.push([9912236]);
agglos.push([9912433]);
agglos.push([9912558]);
agglos.push([9913193]);
agglos.push([9912900]);
agglos.push([9913033]);
agglos.push([9913119]);
agglos.push([9913204]);
agglos.push([9913259, 9913360]);
agglos.push([9913285]);
agglos.push([9913359]);
agglos.push([9913395]);
agglos.push([9913435]);
agglos.push([9915540]);
agglos.push([9913609]);
agglos.push([9913221, 9913509]);
agglos.push([9913986]);
agglos.push([9914050]);
agglos.push([9914079]);
agglos.push([9914294]);
agglos.push([9912989, 9913390, 9914069, 9914267, 9914552, 9914587, 9914705, 9915358, 9915360, 9915392, 9915421, 9915819, 9915886, 9916072]);
agglos.push([9914399]);
agglos.push([9914472]);
agglos.push([9914502]);
agglos.push([9914100, 9914243, 9914372, 9914494, 9914650]);
agglos.push([9914659]);
agglos.push([9914813]);
agglos.push([9915205]);
agglos.push([9915840]);
agglos.push([9915177, 9915419]);
agglos.push([9915459]);
agglos.push([9915537]);
agglos.push([9915670]);
agglos.push([9915713]);
agglos.push([9915870]);
agglos.push([9916071]);
agglos.push([9916146]);
agglos.push([9917234]);
agglos.push([9916813]);
agglos.push([9916267]);
agglos.push([9916441]);
agglos.push([9916493]);
agglos.push([9916478]);
agglos.push([9916772]);
agglos.push([9917208]);
agglos.push([9917164]);
agglos.push([9917755]);
agglos.push([9917211]);
agglos.push([9974269]);
agglos.push([9917754, 9917775]);
agglos.push([9974623]);
agglos.push([9976587]);
agglos.push([9915227, 9915773, 9915989, 9916038]);
agglos.push([9977235]);
agglos.push([9978936]);
agglos.push([9977943]);
agglos.push([9978422]);
agglos.push([9978687]);
agglos.push([9982129]);
agglos.push([9982147]);
agglos.push([9982248]);
agglos.push([9982358]);
agglos.push([9982504]);
agglos.push([9982613]);
agglos.push([9983209]);
agglos.push([9983143]);
agglos.push([9982906, 9983330]);
agglos.push([9983888]);
agglos.push([9984597]);
agglos.push([9983590, 9983940]);
agglos.push([9983001, 9983348, 9983768]);
agglos.push([9984764]);
agglos.push([9984380]);
agglos.push([9984509]);
agglos.push([9984727]);
agglos.push([9984793]);
agglos.push([9985161, 9985477, 9985814, 9986321]);
agglos.push([9984794]);
agglos.push([9985254]);
agglos.push([9985281]);
agglos.push([9985551]);
agglos.push([9976999, 9984441]);
agglos.push([11160972]);
agglos.push([9985843, 9985912, 9986042, 9986415]);
agglos.push([9986447]);
agglos.push([9985484, 9985528, 9985982, 9986242, 9986260, 9986475, 9986477, 9986531]);
agglos.push([9986571]);
agglos.push([9987047, 9987073, 11168037, 11168049, 11168052]);
agglos.push([11168113]);
agglos.push([11168043]);
agglos.push([9987076, 11168087]);
agglos.push([9987053, 11168137]);
agglos.push([9987027, 11168123]);
agglos.push([9986438, 9986771, 9987026, 11168119]);
agglos.push([9986938, 11168022]);
agglos.push([9986909, 9986917, 9986944, 9986945, 11168053, 11168140, 11168158]);
agglos.push([9986883, 9987023, 11168034]);
agglos.push([9986947]);
agglos.push([9986779, 9986977, 9986978, 11168145, 11168146]);
agglos.push([9986892, 9987059, 11168175, 11168176]);
agglos.push([9986841, 11168161]);
agglos.push([9986835, 9986855, 11168009, 11168013]);
agglos.push([9986555, 9986599, 9986736]);
agglos.push([9986563, 11168069]);
agglos.push([9986819, 11168174]);
agglos.push([9986176, 9986356, 9986416, 9986533, 9986745, 9986942, 9987080, 9987109, 11168065, 11168076, 11168098, 11168129, 11168139, 11168170]);
agglos.push([9986776, 9986914, 11168096, 11168103]);
agglos.push([9986715, 11168144, 11168153]);
agglos.push([9986672, 9986861, 9987028, 11168080, 11168100, 11168116, 11168133, 11168138]);
agglos.push([9986601, 9986710, 9986805, 9986807, 9986859, 9986882, 9986887, 9986912, 9986973, 9986974, 9987048, 9987103, 11168010, 11168029, 11168047, 11168050, 11168054, 11168060, 11168071, 11168075]);
agglos.push([9986564]);
agglos.push([9986291, 9986569, 11168085]);
agglos.push([9986528, 9986567, 9986772, 9986943, 11168077]);
agglos.push([9986557, 9986565, 9986604, 9986637]);
agglos.push([9986677, 9986919]);
agglos.push([9986506, 9986509, 9986812, 11168089]);
agglos.push([9985711, 9986190, 11168092]);
agglos.push([9986443, 9987104, 11168063]);
agglos.push([9986324, 9986979, 9987057, 11168177]);
agglos.push([9985044, 9985713, 9985871, 9985873, 9985942, 9986139, 9986166, 9986261, 9986568]);
agglos.push([9986114, 9987000, 11168039]);
agglos.push([9980586, 9983140, 9983217, 9983357, 9983406, 9983540, 9984345, 9985222, 9985692, 9986259, 9986951, 11168154]);
agglos.push([9985623, 9985651, 9985708, 9985780, 9985841, 9985911, 9986237, 9986285, 9986286, 9986288, 9986474, 9986527, 9986605, 9986644, 9986773, 9987052, 9987078, 11168105]);
agglos.push([9985766, 9985876, 9986091, 9986092]);
agglos.push([9986065, 9986142, 9986209, 9986239, 9986257, 9986348, 9986355, 9986386, 9986410, 9986412, 9986413, 9986508, 9986510, 9986529, 9986573, 9986574, 9986607, 9986610, 9986646, 9986740, 11168110]);
agglos.push([9985840, 9986768, 9986908, 9986911, 9986972, 9986976, 11168061, 11168068, 11168099]);
agglos.push([9985000, 9985622, 9985689]);
agglos.push([9984289, 9984322, 9984343]);
agglos.push([9985529, 9985765]);
agglos.push([9982336, 9982638]);
agglos.push([9985102, 9985221, 9985298, 9985302, 9985579, 9985605, 9986647, 9986863, 11168141]);
agglos.push([9985577, 9985648, 9985726, 9985976]);
agglos.push([9985531, 9985627, 9985714, 9985820, 9985897, 9986006, 9986066, 9986090, 9986414]);
agglos.push([9978420, 9985417, 9985457, 9985629, 9985674, 9985691, 9985762, 9985763, 9985818]);
agglos.push([9985444, 9985508, 9986387, 9986775, 11168114]);
agglos.push([9985022, 9985140, 9985167]);
agglos.push([9984546, 9984599]);
agglos.push([9977846, 9977909, 9977982, 9985023, 9985081, 9985303, 9985304, 9985333, 9985387, 9985509]);
agglos.push([9985019, 9985021, 9985042, 9985072]);
agglos.push([9984948, 9985191, 9985331, 9985386, 9985675, 9985874, 9986141, 9986325]);
agglos.push([9984606, 9985002, 9985250, 9985328, 9985479]);
agglos.push([9984467, 9984694, 9985107]);
agglos.push([9983596, 9984324, 9984603, 9985480]);
agglos.push([9984238, 9984305]);
agglos.push([9984346, 9984377, 9984466, 9984469, 9984471, 9984505, 9984577, 9984636]);
agglos.push([9983776, 9984633]);
agglos.push([9984258, 9984856]);
agglos.push([9982510, 9982704, 9982818, 9983036, 9983208, 9983235, 9983267, 9983309, 9983370, 9983431, 9983437, 9983659, 9983660, 9983661, 9983712, 9983741, 9983779, 9983837, 9983839, 9983840, 9983969, 9984530]);
agglos.push([9984144, 9984376, 9984510, 9984893, 9984974, 9984976, 9985075, 9985111, 9985252, 9985280]);
agglos.push([9983834, 9984137, 9984347, 9984760]);
agglos.push([9983781, 9983806, 9984072, 9984287, 9984945]);
agglos.push([9983259, 9983296]);
agglos.push([9975534, 9975575, 9982472, 9982492, 9982580, 9982680, 9982945, 9983127, 9983129, 9983131, 9983132, 9983171, 9983175, 9983177, 9983211]);
agglos.push([9981853, 9982103]);
agglos.push([9982723, 9982950, 9983142, 9983148]);
agglos.push([9983541, 9983597, 9983598]);
agglos.push([9983508, 9983592, 9983658]);
agglos.push([9982803, 9982855, 9982952, 9983073, 9983103, 9983137, 9983139, 9983465, 9983915, 9984576, 9984580, 9986532]);
agglos.push([9983000, 9983064]);
agglos.push([9981924, 9982201, 9982334, 9982439, 9982701, 9982717, 9982820, 9982856, 9982944]);
agglos.push([9982729, 9983466, 9983886, 9984286, 9985357, 9985438, 9986806, 11168021]);
agglos.push([9981746, 9982175, 9982302, 9982554, 9982681, 9982839, 9983008, 9983038, 9983039, 9983215, 9983480]);
agglos.push([9982250, 9982558]);
agglos.push([9982383, 9982796, 9983180, 9983913]);
agglos.push([9982346, 9982385, 9982387, 9982530, 9982534]);
agglos.push([9982128, 9982145, 9982172, 9982200, 9982294, 9982296, 9982299, 9982437, 9982463, 9982522, 9982526, 9982574]);
agglos.push([9982205, 9982841, 9982977, 9983012]);
agglos.push([9982305, 9982306, 9982612, 9982902]);
agglos.push([9983041, 9983181, 9983182]);
agglos.push([9982150, 9982307, 9982445, 9982611, 9982642, 9982755, 9982842, 9982883, 9982910, 9983014]);
agglos.push([9981972, 9981999]);
agglos.push([9915224, 9915689, 9915691, 9915978]);
agglos.push([9981974, 9982146, 9982441, 9982660, 9982938, 9983261, 9983684, 9984257, 9984786, 9985073, 9985527, 9985578, 9985598, 9985673, 9985728, 9985764, 9985785, 9985786, 9985788, 9985792, 9985817, 9985847, 9985894, 9986005, 9986027, 9986060, 9986062, 9986088, 9986089, 9986112, 9986192, 9986213, 9986240, 9986241, 9986292, 9986645, 9986739, 9986811, 9986949, 11168134]);
agglos.push([9981665, 9981830]);
agglos.push([9981804, 9982061, 9982223, 9982247, 9982303, 9982340, 9982443, 9982489, 9982553, 9982577, 9982609, 9982682, 9982684, 9982752, 9982840, 9982948, 9982949, 9983007, 9983299, 9983351, 9983773, 9984047, 9984048, 9984173, 9984175, 9984321, 9984438, 9984440, 9984600, 9985020, 9985159, 9985186, 9985296, 9985782, 9985962, 9986110]);
agglos.push([9978933, 9978984, 9979014, 9979150, 9979335, 9979372, 9979415, 9979447, 9979595, 9979629, 9979769, 11160932, 11160944, 11160945]);
agglos.push([9981651, 9982552, 9982676, 9982677, 9982746, 9982819, 9982943, 9982972, 9983004, 9983070, 9983170, 9983172, 9983173, 9983213]);
agglos.push([9981365, 9981832]);
agglos.push([9979671, 9986169, 9986294, 9986296, 9986326, 9986354, 9986648, 9986717, 9986816, 9986865, 9986980, 9987081, 11168135, 11168142, 11168143, 11168147, 11168157]);
agglos.push([9979454, 9987111, 11160962, 11168156]);
agglos.push([9916746, 9985453, 9985520, 9985565, 9985571, 9985574]);
agglos.push([9978903, 9979115, 9983567, 9984605, 9984693, 9984824, 9984969, 9985185, 9985597, 11160856]);
agglos.push([9915186]);
agglos.push([9978565, 9978566]);
agglos.push([9977458, 9977822, 9978013, 9978836, 9978937, 9979081, 9979117, 9982664, 9982703, 9983407, 9983943, 9984141, 9984202, 9984375, 9984529, 9984761, 9984950, 9985138]);
agglos.push([9977905, 9978296, 9978320, 9978538, 9978867, 9979380, 9979801, 11160976, 11160977]);
agglos.push([9979172, 9979422, 9979453, 9979635, 11160964, 11161314]);
agglos.push([9977540, 9977541]);
agglos.push([9979767, 11160918]);
agglos.push([9984572, 9984723, 9984820, 9984918, 9984967, 9985074, 9985076, 9985078, 9985079, 9985104, 9985106, 9985137, 9985187, 9985247, 9985327, 9985359, 9985483]);
agglos.push([9977603, 9977941, 9978162, 9978163, 9978234, 9978292, 9978417]);
agglos.push([9977819, 9977904, 9977946, 9978085, 9985109, 9985249, 9985299, 9985381, 9985439, 9985442, 9985455, 9985653, 9985654]);
agglos.push([9977754, 9978039, 9978418, 9978506, 9978683, 9985080, 9985190]);
agglos.push([9977908, 9977983, 9978017, 9978200, 9978203, 9978483, 9979080, 9985162, 9985164, 9985166, 9985188, 9985193, 9985251, 9985283, 9985300, 9985384, 9985478, 9985482, 9985553, 9985606, 9985784, 9985849, 9985920, 9985963, 9986132, 9986350]);
agglos.push([9985071]);
agglos.push([9977330, 9977367, 9977396, 9977507, 9977759, 9977792, 9977793, 9977952, 9977984, 9978130, 9978263]);
agglos.push([9976711, 9976801, 9984207, 9984355, 9984409, 9984472, 9984507, 9984508, 9984549, 9984607]);
agglos.push([9984601]);
agglos.push([9976935, 9977148, 9977175, 9977238, 9977307, 9983603, 9983633, 9983713, 9983714, 9983836, 9983999, 9984115, 9984179, 9984550, 9984552, 9984637, 9984697, 9984698, 9984728]);
agglos.push([9977435, 9977615, 9977789, 9977907, 9978260, 9984765, 9984825, 9985165, 9985224]);
agglos.push([9976826, 9976974, 9977003, 9977004, 9977063, 9977122, 9977123, 9977124, 9977174, 9977202, 9977203, 9977261, 9977278, 9977302, 9977325, 9977327, 9977331, 9977332, 9977361, 9977365, 9977394, 9977395, 9977457, 9977480, 9977711, 9977787, 9978040, 9978264, 9983563, 9984204, 9984478, 9984663, 9984822, 9984828, 9984899, 9984947, 9984951]);
agglos.push([9976179, 9983620, 9983624, 9983656, 9983715, 9983742, 9983746]);
agglos.push([9974423, 9974518, 9981008, 9982089]);
agglos.push([9976044, 9976124, 9983334]);
agglos.push([9976428, 9976536]);
agglos.push([9976178, 9976858]);
agglos.push([9916476, 9916739]);
agglos.push([9916475, 9916804, 9917075, 9917102]);
agglos.push([9916862, 9916863, 9916890, 9916891, 9916892, 9916976, 9917079, 9917125, 9917153, 9917174, 9917178, 9985590, 9985592, 9985593, 9985646, 9985670, 9985749, 9985755, 9985757, 9985778, 9985813, 9985836, 9985866, 9985890, 9985956, 9985999, 9986024, 9986039, 9986082, 9986318, 9986344, 9986382, 9987075, 11168048, 11168070]);
agglos.push([9916847, 9984790, 9985325, 9985575, 9985591, 9985620]);
agglos.push([9916418, 9916591]);
agglos.push([9916744, 9916745, 9916889, 9985567]);
agglos.push([9916714, 9916806, 9917139, 9917171, 9917293, 9917321, 9985564, 9985621]);
agglos.push([9916954, 9985595, 9985650, 9985703, 9985724, 9985727, 9985844, 9986133]);
agglos.push([9916666, 9917237, 9917410, 9917628, 9917676, 9917822, 9917823, 9917895, 9918127, 9918129, 9918158, 9978739, 9979264, 9979481, 9979565, 9979667, 9986374, 9986466, 9986497, 9986498, 9986522, 9986600, 9986700, 9986734, 9986971, 9987017, 11108116, 11160866, 11160883, 11160886, 11160897, 11167993, 11168008, 11168036, 11168041]);
agglos.push([9916738, 9916915, 9917553, 9917651, 9918060, 11108073]);
agglos.push([9974907, 9975005, 9975515, 9981215, 9982086, 9982275, 9982308, 9982362, 9982384, 9982644]);
agglos.push([9974827, 9975119, 9975141, 9975237, 9975261, 9975297, 9975439, 9975465, 9975536, 9981451, 9981688, 9981803, 9981891, 9981955, 9982063, 9982338, 9982343, 9982408, 9982442, 9982641, 9982663, 9982721, 9982776, 9982821, 9982822, 9982858, 9982901, 9982903, 9982907, 9982974, 9982975, 9983042, 9983105, 9983305]);
agglos.push([9917843, 9918147, 9918203, 9918207, 11107869, 11107889, 11107923, 11107929]);
agglos.push([9976177, 9976253]);
agglos.push([9976767, 9976894, 9983514, 9983803, 9984000, 9984379, 9984638]);
agglos.push([9975775, 9976013, 9983459, 9983622, 9983769, 9983770, 9983797, 9983860, 9983881, 9983882, 9983938, 9983998, 9984635, 9985098]);
agglos.push([9975666, 9975667, 9983354]);
agglos.push([9975784, 9983333]);
agglos.push([9975584, 9975703, 9983218, 9983219]);
agglos.push([9974869, 9974900, 9974905, 9975036]);
agglos.push([9974447, 9974627, 9975618, 9975752, 9975895, 9975954, 9976043, 9976202, 9982579, 9983308]);
agglos.push([9974660, 9982245, 9982298]);
agglos.push([9974545, 9975115]);
agglos.push([9974451, 9974824, 9974826, 9974850, 9974904, 9974971, 9975063]);
agglos.push([9974445, 9974661]);
agglos.push([9976616, 9976762, 9984473, 9984474, 9984578, 9984971]);
agglos.push([9975662, 9975778, 9975802, 9975857, 9975888, 9975980]);
agglos.push([11107858, 11107873]);
agglos.push([9974483, 9982171]);
agglos.push([9974448, 9974694]);
agglos.push([9974511, 9974572]);
agglos.push([9974449, 9981954, 9982304, 9982508, 9982509, 9982775, 9982797, 9982824, 9983011, 9983183, 9983306]);
agglos.push([9974198, 9974295, 9974366, 9974418, 9974547, 9974622, 9974663, 9974691, 9974775, 9982173, 9982301]);
agglos.push([9974143, 9974594, 9974688]);
agglos.push([9974106, 9974546, 9974595, 9982487, 9982525]);
agglos.push([9973796, 9974805, 9974873]);
agglos.push([11107955]);
agglos.push([11108040]);
agglos.push([9918236, 11107959]);
agglos.push([9918291, 11107967]);
agglos.push([9918314, 9918320, 11100694, 11107849, 11107936]);
agglos.push([9985758, 9986058, 9986236, 9986804, 9986833, 9986940, 9987070, 11108114, 11108127, 11167999, 11168023]);
agglos.push([9918208, 9918230, 9918238, 9918264, 11107905, 11107940, 11107969, 11108148]);
agglos.push([9918187, 11108057]);
agglos.push([9918120, 9918290, 11107961, 11107978]);
agglos.push([9918059, 11108007]);
agglos.push([9918191, 9986770, 11108054, 11167994]);
agglos.push([9917958, 9917986, 9917987, 9918021, 9918091, 9918212, 11107998, 11108002, 11108005, 11108009, 11108010, 11108027, 11108071, 11108093]);
agglos.push([9917941, 11107863]);
agglos.push([9918089, 11107971, 11108186]);
agglos.push([9917858, 9917859, 9917860, 9917961, 9917963, 9917992, 9918027, 9918062, 9918099, 9918245, 9918246, 9985839, 9985936, 9985959, 9986040, 9986597, 9986669, 9986701, 9986702, 9986703, 9986767, 9986803, 9986877, 11108064, 11108088, 11108097, 11108101, 11108105, 11108111, 11108118, 11168002]);
agglos.push([9917857, 9918029, 9918185, 9918243, 11108068, 11108081]);
agglos.push([9917889, 9917890, 9918022, 9918152, 11107992, 11108012]);
agglos.push([9917852, 9918058, 11108018]);
agglos.push([9918032, 9985184, 9985440, 9985547, 9985572, 9985596, 9985867, 9985939, 9986002, 9986108, 9986282, 9986345, 9986524, 9986598, 9986837]);
agglos.push([9917808, 9918321, 11107948, 11107953]);
agglos.push([9916935, 9916999, 9917031, 9917063, 9917117, 9917294, 9917357, 9917381]);
agglos.push([9916974, 9985750]);
agglos.push([9916814, 9916834, 9916871, 9916937, 9916996]);
agglos.push([9916945, 9916946, 9917119, 9917422, 9917485, 9917954, 9918057, 11108011]);
agglos.push([9916876, 9916909, 9917449, 9917701]);
agglos.push([9915484, 9916573, 9916939, 9917043, 9917168, 9917336, 9917411, 9917489, 9917758, 9917761, 9917853, 9917964, 9918020, 9918117, 9918385, 9985941, 9986188, 9986376, 9986635, 9986800, 9987071, 11107942, 11107944, 11107947, 11108130, 11168000, 11168001, 11168019]);
agglos.push([9916848, 9917124, 9917256, 9917611, 9917629, 9917630, 9917652, 9917738, 9986437, 11108100]);
agglos.push([9916290, 9916350, 9917003, 9917212, 9917406]);
agglos.push([9916706, 9917478, 9917691, 11107880, 11107884]);
agglos.push([9916675, 9916705, 9916905, 9917141, 9917472]);
agglos.push([9916619, 9916870, 9916936, 9917092]);
agglos.push([9985358, 9985409, 9985410, 9985415, 9985456]);
agglos.push([9916632, 9985498, 9985570, 9985705, 9985756, 9985937, 9985977]);
agglos.push([9916352, 9916383, 9916497, 9916910, 9917446, 9918048, 11107909]);
agglos.push([9916568, 9916680]);
agglos.push([9916470, 9916776, 9916819, 9916844]);
agglos.push([9916099, 9916106, 9916123, 9916154, 9916186, 9916198, 9916268, 9916269, 9916289, 9916292, 9916297, 9916420, 9916449, 9916633, 9916654, 9985038, 9985152, 9985244, 9985355, 9985434, 9985761, 9985787, 9985948, 9986003, 9986004, 9986116, 9986136, 9986172, 9986347, 9986352, 9986445, 9986476, 9986530, 9986611, 9986674, 9986714, 9986716, 9986743, 9986864, 9987110, 11168108, 11168132, 11168149, 11168150, 11168159, 11168540]);
agglos.push([9916354, 9916803, 9916879, 9916944, 9916966, 9916967, 9917013, 9917044, 9917070, 9917118, 9917145, 9917146, 9917318, 9918232, 11107870, 11107896, 11107927]);
agglos.push([9916075, 9916346, 9916539]);
agglos.push([9916344, 9916623, 9916853]);
agglos.push([9915564, 9916223, 9916358, 9916378, 9916421]);
agglos.push([9916303, 9985519, 9985917, 9985944, 9986000, 9986087, 9986167, 9986210, 9986211, 9986217, 9986284, 9986351, 9986446, 9986815]);
agglos.push([9916199, 9916624, 9916770]);
agglos.push([9916149, 9916347, 9916512]);
agglos.push([9916143, 9916225, 9916621, 9917032, 9917774, 9918080, 11107865]);
agglos.push([9915995, 9916043, 9983745, 9983887, 9983939, 9984046, 9984139, 9984288, 9984304, 9984319, 9984503, 9984525, 9984716]);
agglos.push([9915980, 9916036]);
agglos.push([9916051, 9916227, 9916351, 9916569, 9916593, 9916708, 9916797, 9916855]);
agglos.push([9914222, 9914282, 9914564, 9914565, 9982996, 9982997]);
agglos.push([9916016, 9975864, 9976997, 9977392, 9984628, 9984630, 9984754, 9985018, 9985041, 9985275, 9985454, 9985476, 9985525, 9985652, 9985672, 9985712, 9985725, 9985729, 9985848, 9985945, 9985964, 9986258]);
agglos.push([9916157, 9984937]);
agglos.push([9915950, 9916119, 9916382]);
agglos.push([9916384, 9916625, 9916687, 9916688, 9916689, 9916796, 9916888, 9917045, 9917147, 9917176, 9917445, 9917697, 9917727, 9917917, 9917921, 9917951, 9917983, 9918053, 9918176, 9984688, 9985326, 9985504, 9985546, 9985580, 9985958, 9985997, 9986379, 9986968, 11107830, 11107841, 11107914, 11108103, 11167996]);
agglos.push([9915363, 9915432, 9915567, 9915590, 9915672]);
agglos.push([9915460, 9915652, 9915723, 9915826, 9915900, 9916041, 9916182, 9916326, 9916396, 9916477, 9916630, 9916968]);
agglos.push([9915930, 9984914, 9985276, 9985295]);
agglos.push([9915887, 9916050, 9916097, 9916348, 9916541, 9916566]);
agglos.push([9915866, 9916234, 9916266]);
agglos.push([9915827, 9915964, 9984757]);
agglos.push([9915480, 9915891, 9916120, 9916145, 9916201, 9916545, 9916682, 9916841, 9916912, 9917012, 9917046, 9917120, 9917627, 9917919, 9917952, 9918087, 11107977, 11108154]);
agglos.push([9915621, 9915669, 9915743, 9915805, 9915894, 9915924, 9915953, 9915986, 9916005, 9916009, 9916053, 9916074, 9916381]);
agglos.push([9915804, 9915824, 9915957, 9916056, 9916057, 9916203, 9916293, 9916321, 9916322, 9916323, 9916647]);
agglos.push([9915740, 9915843, 9915921]);
agglos.push([9915453, 9915479]);
agglos.push([9915339, 9915390, 9915424, 9915797, 9915799, 9915864]);
agglos.push([9915251, 9915388, 9915583, 9915609, 9916003]);
agglos.push([9915348, 9915458, 9915518, 9915647, 9915721, 9916008]);
agglos.push([9915207, 9915229, 9915261]);
agglos.push([9915359, 9916076, 9916148, 9916151, 9916467, 9916518, 9916775, 9916799, 9917097, 9917098, 9917331, 9917607, 9917918, 9918242, 11108335]);
agglos.push([9983964]);
agglos.push([9914857, 9914919, 9914945, 9915016, 9976817, 9977060, 9977233, 9977503, 9983504, 9983537, 9983588, 9983738, 9983765, 9983766, 9983771, 9983832, 9984045, 9984174, 9984399]);
agglos.push([9915145, 9915250, 9915736, 9915737, 9915916, 9916661, 9916732]);
agglos.push([9915255, 9915865]);
agglos.push([9915122, 9915126, 9983408, 9983539, 9983685, 9983774, 9983796, 9983831, 9983856, 9983858]);
agglos.push([9915078, 9915204, 9916288, 9916443, 9917002, 9917213, 9917421, 9917578, 9917809, 11107968]);
agglos.push([9914427, 9914521, 9914558, 9914940, 9915053, 9915075, 9915076, 9915080, 9915082, 9915147, 9915180]);
agglos.push([9915074, 9915146, 9915314, 9915342, 9915343, 9915426, 9915452, 9915455, 9915515, 9915560, 9915561, 9915585, 9915614, 9915616, 9915619, 9915642, 9915768, 9915772, 9916054, 9916077]);
agglos.push([9914959, 9915739]);
agglos.push([9915015, 9915123, 9915233, 9915234, 9915349, 9983761, 9983879, 9984019, 9984199]);
agglos.push([9914002, 9914076, 9914248, 9914401, 9914468, 9914470, 9914530]);
agglos.push([9983706]);
agglos.push([9914911, 9915249, 9915341, 9915393]);
agglos.push([9915366, 9915438, 9915698, 9916452, 9917048, 9917786, 9973549, 9975617, 9975809, 9975810, 9975863, 9976119, 9976152, 9976153, 9976229, 9983107, 9983353, 9983483, 9983484, 9983486, 9983542, 9983687, 9983710, 9983775, 9983800, 9983861, 9983883, 9984134, 9984256, 9984436, 9985180, 9985273, 9985408, 9985435, 9985475, 9985503, 9985576, 9985589, 9985624, 9985687, 9985777, 9985812, 9985838, 9985868, 9985891, 9985960, 9985975, 9986189, 9986207, 9986705, 11168012]);
agglos.push([9915543, 9915592, 9915673, 9983908, 9983910, 9983935, 9983936, 9983937, 9984022]);
agglos.push([9914916, 9914966, 9915057, 9915125, 9915159, 9915160, 9915163, 9915266, 9915430, 9915433, 9915622]);
agglos.push([9983304, 9983331, 9983464, 9983560, 9983600, 9983604, 9983623, 9983627, 9983628, 9983629, 9983654, 9983798, 9983968]);
agglos.push([9913000, 9913181, 9913485]);
agglos.push([9914797, 9915081]);
agglos.push([9914764, 9914879, 9915027, 9915389]);
agglos.push([9914775, 9915108, 9915110, 9915184, 9915362, 9915398, 9915427, 9915588, 9915620, 9915869]);
agglos.push([9914679, 9914680, 9914743, 9914744, 9915034, 9915056, 9915117, 9915119, 9915153, 9915156, 9915292, 9915319, 9915927, 9916130, 9916424, 9916473, 9916665, 9916817, 9917038]);
agglos.push([9914768, 9914829]);
agglos.push([9914745, 9914831]);
agglos.push([9914711, 9914801]);
agglos.push([9912890, 9913280, 9913574, 9913718, 9913719, 9913838, 9913888, 9914240, 9914491, 9914851, 9915149, 9915257, 9915482, 9915483, 9915693, 9916389, 9917329, 9918175, 11107930]);
agglos.push([9914053, 9914102, 9914215]);
agglos.push([9914527, 9914559, 9914617, 9914645, 9914648, 9914741, 9914800, 9914847, 9915010, 9915052, 9915084]);
agglos.push([9915315, 9915344]);
agglos.push([9914594, 9914629, 9914655, 9914715]);
agglos.push([9914748, 9914776, 9914805, 9914806, 9915036, 9915118, 9915158, 9915486, 9982204, 9982470, 9982639, 9982899, 9983257, 9983403, 9983404]);
agglos.push([9982789, 9983128, 9983258, 9983264, 9983295, 9983350, 9983371, 9983558]);
agglos.push([9908643, 9908874, 9909261, 9909289, 9909353, 9909376]);
agglos.push([9914773, 9914774, 9914777, 9914807, 9914808, 9914833, 9914886, 9915033, 9915151, 9915258, 9915259, 9915394, 9915425, 9915451, 9915764, 9915913, 9915979, 9916070, 9916224, 9983586]);
agglos.push([9914683, 9914915, 9915400, 9915401, 9915623, 9915695, 9915809, 9916084, 9916131, 9916181, 9916300, 9916393, 9916627, 9916650, 9916801, 9917388, 11108025]);
agglos.push([9976464, 9984232, 9984373, 9984402, 9984403]);
agglos.push([9914505, 9975853, 9976224, 9976310, 9976505, 9976758, 9976972, 9977258, 9977326, 9983232, 9983477, 9983907, 9983909]);
agglos.push([9914490, 9914823]);
agglos.push([9914888, 9914917, 9983210, 9983263, 9983332, 9983377, 9983428, 9983507, 9983511, 9983625, 9983708]);
agglos.push([9914434, 9983166, 9983207]);
agglos.push([9914370, 9914495, 9914498]);
agglos.push([9914364, 9914365, 9914708, 9914938, 9915150, 9915294, 9915316, 9915346]);
agglos.push([9914720, 9914749, 9914989, 9915720, 9915981, 9916117, 9916144, 9916287, 9916516, 9916567, 9916622, 9916676, 9916707, 9916731, 9982643, 9982792, 9983037, 9983130, 9983216, 9983265, 9983298]);
agglos.push([9914352, 9914536, 9914601, 9914859, 9914921, 9914947, 9915162, 9982750, 9982881, 9982900, 9982942, 9983002, 9983096, 9983126, 9983344, 9983650]);
agglos.push([9914147, 9914275, 9914526]);
agglos.push([9914071, 9914145, 9914176, 9914369, 9914397]);
agglos.push([9914342, 9914428, 9914519, 9914593, 9914616, 9914619, 9914704, 9914707, 9914795, 9914848, 9914984, 9915029, 9915073, 9915178]);
agglos.push([9914251]);
agglos.push([9913997, 9914456]);
agglos.push([9908906, 9909008, 9909031, 9909084, 9909142, 9909222, 9909296, 9909332, 9909387, 9909454, 9909497, 9909527, 9909655, 9909657, 9914006, 9914122, 9914277, 9914278, 9914306, 9914307, 9914348, 9914499, 9914803, 9915055, 9915775, 9915987, 9916039, 9916233, 9916425, 9916499, 9916520, 9916544, 9916596, 9916648, 9916842, 9916913, 9917007, 9917218, 9917300]);
agglos.push([9914116, 9914205, 9914395, 9914426]);
agglos.push([9913973, 9914171]);
agglos.push([9914057, 9982633, 9982745]);
agglos.push([9913776, 9913833, 9914141, 9914299, 9914657]);
agglos.push([9913971, 9914702, 9914934, 9915584]);
agglos.push([9913546, 9913722, 9913746]);
agglos.push([9913555, 9913987, 9914373, 9914403, 9914404, 9914500, 9914525, 9914529, 9914709, 9915154, 9915825, 9981290, 9981538, 9982330, 9982467, 9982523, 9982635, 9982636]);
agglos.push([9913915, 9914585, 9914846, 9914985]);
agglos.push([9913690, 9913692]);
agglos.push([9913832, 9914096]);
agglos.push([9913786, 9913990, 9982570, 9982607, 9982658, 9982700]);
agglos.push([9913800, 9914067]);
agglos.push([9913732, 9982521]);
agglos.push([9913663, 9913845, 9913950, 9914031]);
agglos.push([9913956, 9914035, 9914254, 9914319, 9914433, 9914535, 9914537, 9914598, 9914860, 9915323, 9976636, 9977173, 9977391, 9978167, 9978742, 9979012, 9979299, 9979370, 9979446, 9979512, 9979513, 9979542, 9979589, 9979592, 9979593, 9979626, 9979630, 9979666, 9979699, 9982057, 9982440, 9982524, 9982575, 9982637, 9982661, 9982714, 9982747, 9982936, 9982939, 9982969, 9982998, 9983293, 9983327, 9983345, 9983346, 9983373, 9983503, 9983534, 9983996, 9984658, 9985134, 11160851, 11160853, 11160858, 11160873, 11160878, 11160881, 11160882, 11160896, 11160903, 11160907, 11160909, 11160915, 11161309]);
agglos.push([9913750, 9913945, 9914028, 9914216]);
agglos.push([9913695, 9913902, 9982550, 9982712, 9983035, 9983097]);
agglos.push([9913578, 9914247]);
agglos.push([9913647, 9982127, 9982357]);
agglos.push([9913646, 9982462]);
agglos.push([9982438, 9982657]);
agglos.push([9913617, 9913638, 9913754, 9913897, 9914214, 9914344, 9914398]);
agglos.push([9913487, 9913521, 9913522]);
agglos.push([9913488, 9913554, 9913848, 9982292]);
agglos.push([9913322, 9913810, 9973841, 9974574, 9975922, 9976123, 9976404, 9976509, 9976584, 9976736, 9976956, 9981415, 9982488, 9982572, 9982604, 9984401, 9984526, 9984571, 9984889]);
agglos.push([9913429, 9913479, 9913517, 9913549, 9913580, 9913581, 9913611, 9913612, 9913637, 9913660, 9913661, 9913724, 9913725, 9913807, 9913979, 9913984, 9914075]);
agglos.push([9981824, 9982165]);
agglos.push([9913439, 9913524, 9913730]);
agglos.push([9913317, 9913318, 9913352, 9913353, 9913356, 9913388, 9913474, 9913477, 9913512, 9913516, 9913544, 9913685, 9913716, 9913752, 9913865, 9913874, 9913904, 9913937, 9913954, 9913988, 9914000, 9982675]);
agglos.push([9982267]);
agglos.push([9913397, 9913641, 9913668, 9914124]);
agglos.push([9913249, 9913418, 9913540, 9913569, 9913570, 9913779, 9913802, 9913914, 9914068]);
agglos.push([9909236, 9909859]);
agglos.push([9913284, 9913426, 9913514, 9913515]);
agglos.push([9913108, 9913110, 9913169, 9913254]);
agglos.push([9913255, 9913349, 9913355, 9913386, 9913419, 9913423, 9913721, 9914186, 9914211, 9914346, 9914501, 9914503, 9914562, 9914628, 9914716, 9914718, 9914812]);
agglos.push([9913236, 9913289, 9913327, 9913363, 9913396, 9913698, 9982221, 9982244, 9982269, 9982293]);
agglos.push([9913127, 9913361]);
agglos.push([9913582, 9981338, 9982106, 9982168]);
agglos.push([9975370, 9975391, 9975430, 9975917, 9981825, 9982001, 9982025, 9982055, 9982084, 9982125, 9982126, 9982273, 9982403, 9982464, 9982716, 9982971, 9983006, 9983068, 9983102]);
agglos.push([9913128, 9913206]);
agglos.push([9913121, 9913202, 9913320, 9913321, 9913513, 9913576, 9913608]);
agglos.push([9913120, 9913199, 9913717]);
agglos.push([9913154, 9913433]);
agglos.push([9912714, 9912756]);
agglos.push([9913103, 9913152, 9913208, 9913262, 9913431, 9913436, 9913484, 9913640, 9913669, 9913696, 9913851, 9913926, 9914279, 9914431, 9914682, 9915395, 9915589, 9915926, 9916391, 9916857, 9917041, 9917172, 9917484, 9982019, 9982101, 9982220, 9982271]);
agglos.push([9913087, 9913094, 9913198, 9913282, 9913319, 9913389]);
agglos.push([9913052, 9913167]);
agglos.push([9912809, 9912954, 9913175, 9913196, 9914238, 9914739, 9914740, 9914821, 9914845, 9915026, 9915384]);
agglos.push([9913100, 9913670, 9914127, 9914375, 9981997]);
agglos.push([9913153, 9913156, 9913182, 9913263, 9913290, 9913850, 9982053, 9982144]);
agglos.push([9912969, 9982081]);
agglos.push([9912455, 9912635, 9912751, 9913222, 9913350, 9913510, 9913542, 9913572, 9913659, 9913714, 9913837, 9914175, 9914301, 9914340, 9914461, 9914560, 9915429, 9915566, 9915568, 9915651, 9915994, 9984459, 9984656, 9984659, 9984687, 9984756, 9984784, 9984785, 9984854, 9984941, 9985100, 9985135, 9985218, 9985277, 9986744, 9986920, 11168168]);
agglos.push([9909580, 9909677, 9909678, 9909790, 9909791, 9909848, 9909852, 9912924, 9913890, 9915083, 9915618, 9916125, 9916200, 9916466, 9916594, 9917143, 9917251, 9917326, 9917519]);
agglos.push([9912915, 9913571]);
agglos.push([9912911, 9913165, 9913465]);
agglos.push([9913523, 9913619, 9913699, 9913729, 9914349, 9914625, 9980731, 9981595, 9981858, 9982272, 9982460, 9982970, 9983168, 9983458]);
agglos.push([9912780, 9913417, 9913466, 9913940, 9914798, 9915113, 9915361, 9915688, 9916124, 9916229, 9916662, 9917778, 9918017, 11107988]);
agglos.push([9912705, 9913745, 9914678, 9914912, 9914961, 9915009, 9915054, 9915296, 9915321, 9983965, 9983995, 9984050, 9984051, 9984069, 9984070, 9984071, 9984138, 9984259, 9984325, 9984351, 9984528]);
agglos.push([9911109, 9914942, 9917581, 11108001, 11108159]);
agglos.push([9912584, 9913573, 9914051]);
agglos.push([9912565, 9912733, 9912994, 9913205, 9913230, 9913324, 9913758, 9913983, 9914310, 9914856, 9915092, 9915211, 9915297]);
agglos.push([9912692, 9981642]);
agglos.push([9909904, 9909922, 9910044, 9910091, 9910206, 9910371, 9910396, 9910501, 9910586, 9978796, 9978957, 9978981, 9979259, 9979293, 9984180, 9984263, 9984465, 9984788, 9985001, 9985707, 9985935, 9986038, 11100630, 11100631]);
agglos.push([9909706, 9910114, 9910539, 11100611, 11100616, 11100707]);
agglos.push([9910553, 9910610, 11100511, 11100696]);
agglos.push([9910409, 9910410, 9910497, 9918018, 9918019, 9918052, 9918054, 9918090, 9918179, 9918182, 9918183, 9918186, 9918214, 9918215, 9918240, 9918270, 11100519, 11100537, 11107996, 11107997, 11107999, 11108015, 11108023, 11108026, 11108030, 11108039, 11108063, 11108072, 11108077, 11108083]);
agglos.push([9912328, 9913056, 9913112, 9913316, 9913421, 9913541, 9913715, 9913886, 9913889, 9913939, 9913941, 9914027, 9914070, 9914115, 9914120, 9914144, 9914208]);
agglos.push([9912279, 9912708, 9913913]);
agglos.push([9913261, 9913326, 9913762, 9913812, 9914968, 9914990, 9981018, 9981598, 9982148, 9982329, 9982490, 9982491, 9982576]);
agglos.push([9908545, 9909976, 9914946, 9915127, 9916061, 9916667, 9916840, 9917217, 9917694, 9918174, 9982662, 9982685, 9983463, 9983657, 9984172, 9984598, 11107872, 11107890, 11107938, 11108151]);
agglos.push([11100483]);
agglos.push([9912388, 9913027, 9913424, 9913427, 9913547, 9913579, 9913896, 9914179, 9915090]);
agglos.push([9909975, 9910583, 11101032]);
agglos.push([9910514, 9910515, 9910536, 9910582, 11100548, 11100569, 11100586, 11100591, 11100598]);
agglos.push([9915823, 9916129, 9917004, 9917009, 9917039, 9917101, 9917166, 9917271, 9917302, 9917407, 9917453, 9917547, 9917979, 9918050, 9918151, 9918177, 11107952, 11107956]);
agglos.push([9910391, 9910408, 9910436, 9915955, 9916126, 9916231, 9916385, 9916571, 9916798, 9917144, 9917253, 9917328, 9917420, 9917479, 9917494, 9917807, 9917913, 9917945, 9917978, 11100463, 11100473]);
agglos.push([9910031, 11100595]);
agglos.push([9910341, 9910456, 11100585]);
agglos.push([9909611, 9909644, 9917268]);
agglos.push([9910201]);
agglos.push([9910118, 9910267, 9910311, 9910363, 9910394, 9910417, 9910478, 9910479, 9910495, 9910554, 9910615, 9917705, 9917821, 9917887, 9917888, 9917985, 9918094, 9918153, 9918189, 9918210, 9918213, 9986559, 9986561, 9986566, 9986602, 9986709, 9986741, 9986814, 9986832, 9986866, 9986893, 9986937, 11100495, 11100523, 11100594, 11100602, 11100605, 11100650, 11100661, 11107972, 11107991, 11107993, 11108013, 11108049, 11108086, 11108102]);
agglos.push([9910074, 9910223, 9910511, 9918051, 11100454, 11100490, 11100506, 11100545, 11107935, 11107963]);
agglos.push([9917304, 9917362, 9917549, 9917604, 9917626]);
agglos.push([9909946, 9910226, 9910477, 9917579, 9917777]);
agglos.push([9978737]);
agglos.push([9910020, 9910437, 11100477, 11100494]);
agglos.push([9908967, 9909862, 9911664, 9912781, 9913882, 9913883, 9914118, 9914300, 9914424, 9914556, 9914649, 9914742, 9915951, 9916011, 9916128, 9916174, 9916226, 9916298, 9916318, 9916320, 9916359, 9916388, 9916422, 9916521, 9916570, 9916649, 9916653, 9916686, 9916884, 9916887, 9916916, 9917015, 9917017, 9917042, 9917076, 9917103, 9917122, 9917193, 9917240, 9917486, 9917502, 9979016, 9979053, 9979202, 9984374, 9985216, 9985523, 9985671, 9985702, 9985754, 9985998, 9986232, 9986469, 9986671, 11160893, 11168059]);
agglos.push([9909893, 9910036, 9910037, 9910085, 9910086, 9910087, 9917608, 9917785, 9917856, 9917892, 9917960, 9918061, 9918067, 9918069, 9918188, 9918244, 9918272, 9918299, 9987069, 11108087, 11108089, 11108094, 11108107, 11108117, 11108128, 11167995]);
agglos.push([9909886, 9910001, 9910002, 9910054, 9910078, 9910163, 9917692, 9917848, 9917915, 9917923, 9918014, 9918015, 9918016, 9918064, 9918088, 9918092, 9918122, 9918123, 9918154, 9986442, 9986473, 9986507, 9986570, 9986603, 9986643, 9986676, 9986852, 9986880, 9986907, 11108084, 11108099, 11167998, 11168015]);
agglos.push([9909921, 9910092, 9917503, 9978834, 9978864, 9978897, 9978959, 9979017, 9979019, 9979054, 9979109, 9979338, 9979341, 9979414, 9979450, 9986085, 9986234, 9986238, 9986606, 9986608, 9986638, 9986641, 9986675, 9986742, 9986774, 9986810, 9986838, 9986860, 9986888, 9986915, 9987077, 9987079, 11160923, 11160928, 11160958, 11168101, 11168104, 11168106, 11168121, 11168457]);
agglos.push([9910109, 9914567, 9915403, 9916664, 9917167, 9917214, 9917298, 9917482]);
agglos.push([9909674, 9917249, 9917297, 9917355]);
agglos.push([9909703, 9909788]);
agglos.push([9909783, 9916319, 9916349, 9916444, 9916515, 9916542, 9916677, 9916794, 9917252, 9917358, 9917384, 9917419, 9917444]);
agglos.push([9909661, 9917305, 9978706, 9978740, 9978862, 9978904, 9985815, 9986037, 9986319, 9986346, 9986378]);
agglos.push([9909600, 9917487]);
agglos.push([9909355, 9909471, 9909550, 9909552, 9909799, 9917034, 9917067, 9917142, 9917250, 9917322, 9917475]);
agglos.push([9909534, 9909567]);
agglos.push([9909472, 9909584]);
agglos.push([9909457, 9909682, 9909824, 9909860, 9916837, 9916856, 9916906, 9916940, 9916943, 9917005, 9917033, 9917036, 9917073, 9917095, 9917169, 9917210, 9917215, 9917233, 9917301, 9917330, 9917359, 9917385, 9917386, 9917403, 9917443, 9917451]);
agglos.push([9909390, 9909482, 9909559, 9909561, 9909563, 9909688, 9909736, 9909765, 9909766, 9916258, 9916733, 9916795, 9916852, 9916880, 9916882, 9917170, 9917254, 9917389, 9917552]);
agglos.push([9909739, 9909990, 9910171, 9910228, 9910301, 9916399, 9916743, 9916861, 9917338, 9985318, 11100487]);
agglos.push([9909083, 9909562, 9909619, 9909769]);
agglos.push([9909291, 9909324, 9909475, 9909476, 9915890, 9916100, 9916175, 9916291, 9916678, 9916709, 9916710, 9916874, 9916908, 9916942]);
agglos.push([9905456, 9905622, 9906144, 9914217, 9914218, 9914219, 9914280, 9914311, 9914463, 9914531, 9914627, 9914717, 9914810, 9914858, 9914861, 9914890, 9914967, 9914988, 9983302, 9983482, 9983559, 9983587, 9983651, 9983683, 9983916, 9984352]);
agglos.push([9909016, 9909628, 9909831, 9910090, 9910458, 9978980, 11100621, 11100622]);
agglos.push([9909335, 9909621, 9909711, 9909895, 9909974, 9909987, 9910135, 9910136, 9910199, 9915848, 9915873, 9915901, 9915903, 9915904, 9915992, 9916013, 9916134, 9916153, 9916185, 9916238, 9916480, 9916600, 9916652, 9916820, 9916886, 9916973, 9983352, 9983430, 9983479, 9983509, 9983857, 9983967, 9984044, 9984318, 9984340, 9984398, 9984686, 9984917]);
agglos.push([9910235, 9910421, 9917862, 9978832, 9978898, 9979260, 9982954, 9983743, 9983802, 9984290, 9984306, 9984407, 9985625, 9986107, 9986939, 11100652, 11100662, 11100685, 11108115, 11108124, 11160833, 11160834, 11160835, 11167991, 11168505]);
agglos.push([9909193, 9909216, 9909234, 9916907, 9916938, 9917188, 9917324]);
agglos.push([9908757, 9909175, 9909743, 9909955, 9910042, 9910177, 9977840, 9978602, 9978895, 9979110, 9979258, 11160845]);
agglos.push([9909116, 9909118, 9909167]);
agglos.push([9908988, 9909440, 9916547, 9917047]);
agglos.push([9908882, 9908904]);
agglos.push([9916780, 9978116, 9985545]);
agglos.push([9908654, 9908655, 9914097, 9914098, 9914099, 9914339, 9914459, 9914618, 9914830, 9914853, 9914855, 9914881, 9914941, 9915088, 9915152, 9915649, 9915960, 9916237, 9916325]);
agglos.push([9908884, 9916548, 9977776, 9978012, 9978121, 9985524]);
agglos.push([9908859, 9916517, 9916875, 9917068, 9917247, 9917248]);
agglos.push([9908704, 9908750, 9908784, 9909220, 9909770, 9909802, 9914767, 9914826, 9914827, 9914883, 9914962, 9914963, 9915089, 9915183, 9915262, 9915290, 9915481, 9916179, 9916180, 9916204, 9916390, 9916448, 9916574]);
agglos.push([9908740, 9916263, 9916419]);
agglos.push([9908759, 9908842, 9916364, 9977671, 9977702]);
agglos.push([9908646, 9908856, 9908934, 9909053, 9909163, 9909403, 9909468, 9909589, 9909729, 9909882, 9909892]);
agglos.push([9908632, 9915111, 9915716, 9916230, 9916240, 9916272, 9916295, 9916324, 9916356, 9916361, 9916496, 9916679, 9916711, 9977670, 9977777]);
agglos.push([9908563, 9909110]);
agglos.push([11100528, 11100601]);
agglos.push([9908009, 9915767]);
agglos.push([9908344, 9908497, 9908534, 9908598, 9908645, 9908742]);
agglos.push([9908511, 9908547, 9908843, 9916241, 9916481, 9976819, 9976971, 9977274, 9977300, 9977430, 9977501, 9977532, 9984938, 9985095, 9985131]);
agglos.push([9908473, 9916206]);
agglos.push([9906089, 9908408, 9908508, 9908705, 9908751, 9908753, 9908754, 9908837, 9908886, 9908909, 9908990, 9909036, 9909363, 9909365, 9909367, 9909389, 9909433, 9909439, 9909583, 9909614, 9909617, 9909646, 9909676, 9909755, 9909796, 9910077, 9910079, 9910250, 9910251, 9910295, 9917325, 9917476, 9917480, 9917516, 9917517, 9917543, 9917546, 9917575, 9917577, 9917644, 9917646, 9917665, 9917666, 9917728, 9917757, 9917806, 9917872, 9917873, 9917878, 9917940, 9918013, 9918043, 9918081, 9918112, 9918150, 9918233, 9918317, 9977814, 9977823, 9977914, 9977985, 9978161, 9978196, 9978227, 9978289, 9978345, 9978413, 9978419, 9978447, 9978448, 9978568, 9978636, 9978688, 9978717, 9978747, 9978934, 9978935, 9978988, 9985413, 9985414, 9985485, 9985706, 9985753, 9985767, 9985790, 9985845, 9985846, 9985895, 9985898, 9985915, 9985947, 9986044, 9986067, 9986113, 9986138, 9986171, 9986173, 9986212, 9986295, 11107857, 11107867, 11107871, 11107885, 11107898, 11107907, 11107916, 11107922, 11107950, 11168148]);
agglos.push([9908017, 9908479, 9908687, 9916357, 9916386, 9916447, 9916469, 9916663, 9916681, 9916816, 9916836, 9916838, 9916872, 9916873, 9916911, 9917066]);
agglos.push([9907542, 9907580, 9907581, 9907620, 9907692, 9907823, 9907902, 9907937, 9907975, 9908030, 9908031, 9908151, 9908240, 9915423, 9915559, 9915639, 9915667, 9915718, 9915844, 9915871, 9915928, 9916078, 9916135, 9916150, 9916271, 9916327, 9916332, 9916634, 9916669, 9985404, 9985405, 9985452]);
agglos.push([9908311, 9977199]);
agglos.push([9908037, 9908110, 9908131]);
agglos.push([9908036, 9908244, 9908468, 9908572]);
agglos.push([9907934, 9908150, 9915212, 9915364, 9915519, 9915746, 9915863, 9915868, 9915920, 9915983, 9984042, 9984170, 9984197, 9984574, 9984823]);
agglos.push([9907958, 9913145, 9913197, 9913476, 9913607, 9913782, 9913840, 9913867, 9913920, 9913976, 9914250, 9914274, 9914281, 9914303, 9914772, 9975854, 9976148, 9976429, 9976637, 9976756, 9976794, 9976887, 9976967, 9977088, 9983256, 9983457]);
agglos.push([9908071, 9908112, 9915013, 9915014, 9915037, 9915058, 9915093, 9915124, 9915187, 9915231, 9915265, 9915322, 9915488, 9915694, 9915699, 9915725, 9915747, 9915779, 9916060, 9983764, 9983877, 9983906, 9983911, 9984068, 9984169, 9984255, 9984344, 9984397, 9984435, 9984461, 9984502, 9984783, 9984887, 9984916]);
agglos.push([9907576, 9908032, 9908432, 9908746, 9908860, 9909082]);
agglos.push([9907596, 9907625, 9907906, 9908109, 9908439, 9908506, 9908540, 9908541, 9908544, 9908650, 9915085, 9915091, 9915263, 9915487, 9915541, 9915648, 9915741, 9915897, 9915958, 9915959, 9915962, 9915990, 9915991, 9916010, 9916014, 9916040, 9916086, 9916105, 9916136, 9916242, 9916398, 9916401, 9916550, 9976426, 9984819, 9984939, 9985016, 9985040, 9985068, 9985070, 9985097, 9985130, 9985155, 9985181, 9985215, 9985245, 9985380, 9985594]);
agglos.push([9913694, 9913759, 9914054, 9914077, 9914314, 9914533, 9914623, 9914686, 9915396]);
agglos.push([9907544, 9907800, 9907909, 9907910, 9908011, 9908070, 9908162, 9908579, 9915644, 9915724, 9915801]);
agglos.push([9907766, 9915312]);
agglos.push([9907465, 9907466, 9907467]);
agglos.push([9907497, 9908100, 9908300, 9908335, 9908495, 9915007, 9915534, 9915536, 9915686, 9915842, 9916006, 9916034, 9916035, 9916172]);
agglos.push([9907674, 9908193, 9909035, 9909224, 9916971, 9917273, 9917333, 9917733, 11108056, 11108059]);
agglos.push([9905915, 9906285, 9906727, 9906765, 9906876, 9907200, 9907355, 9907695, 9907729, 9908493, 9913475, 9913974, 9914117, 9914338, 9915456, 9915769, 9915867, 9916835, 9916997, 9917030, 9917064, 9917231, 9917292, 9917804, 11107816]);
agglos.push([9909264, 9909427, 9909854]);
agglos.push([9906212, 9907028, 9907069, 9907166, 9907390, 9907425, 9907426, 9907496, 9907498, 9907577, 9907618, 9907728]);
agglos.push([9907399, 9915254]);
agglos.push([9905806, 9915569, 9915625, 9974720, 9974774, 9975140, 9975296, 9976122, 9976252, 9976403, 9976642, 9976822, 9981414, 9982246, 9982444, 9982573, 9982683, 9982882, 9982908, 9982946, 9982973, 9982978, 9983010, 9983013, 9983066, 9983221, 9983375, 9983429, 9983557, 9983599, 9983711, 9983740, 9983777, 9983941, 9983942, 9984052, 9984095, 9984171, 9984178, 9984262]);
agglos.push([9906464, 9906804, 9907103]);
agglos.push([9907619, 9915252]);
agglos.push([9907401, 9908340, 9908721]);
agglos.push([9907696, 9907827, 9914799, 9915031, 9915114, 9915148, 9915256, 9915293, 9915454, 9915476, 9915477, 9915512, 9915513, 9915666, 9915690, 9915714, 9915800]);
agglos.push([9907693, 9907979, 9908157, 9908271, 9908702, 9909034, 9916007, 9916202, 9916597, 9916684, 9916843, 9917011, 9917100, 9917121, 9917219, 9917255, 9917272, 9917303, 9917334, 9917736, 9917737, 9918023, 9918028, 9918155, 9918156, 9918269, 9918296, 9918335, 9918394, 11108044, 11108055, 11108058, 11108060, 11108061, 11108067, 11108070, 11108162, 11108324]);
agglos.push([9907657, 9915391]);
agglos.push([9907364]);
agglos.push([9907434, 9907469, 9907547, 9907588]);
agglos.push([9907433, 9907592, 9907697, 9907777, 9915365, 9915397, 9915402, 9915520, 9915521, 9915542, 9915591, 9915593, 9915668, 9915697, 9984501, 9984596, 9984629, 9984821, 9985412]);
agglos.push([9907397, 9907428, 9907578]);
agglos.push([9906923, 9907139, 9907268, 9907367, 9907634, 9907749, 9907784, 9908196, 9908352, 9908353, 9908481, 9908509, 9908885, 9908924, 9908972, 9909171, 9909273, 9909337, 9909435, 9909436, 9909437, 9909459, 9909480, 9909508, 9909530, 9909531, 9909570, 9909595, 9909597, 9909599, 9909623, 9909626, 9909659, 9909660, 9909715, 9909717, 9909738, 9909868, 9909897, 9909917, 9910145, 9910147, 9910317, 9910320, 9910621, 9916156, 9916208, 9917343, 9976816, 9976969, 9977025, 9977169, 9977935, 9978117, 9978383, 9978384, 9978501, 9978736, 9978793, 9978858, 9978896, 9979407, 9979508, 9979509, 9979510, 9979539, 9979562, 9979661, 9979793, 11100658, 11100678, 11160832, 11160841]);
agglos.push([9906880, 9907432, 9907940, 9907943, 9908033, 9908187, 9908218, 9908303, 9908394, 9909588, 9909823, 9914804, 9916618, 9916730, 9916788]);
agglos.push([9905004, 9913238, 9974104, 9974138, 9974191, 9982167]);
agglos.push([9906012, 9975284, 9975406, 9975693, 9983349, 9983372, 9983538, 9983772, 9983884, 9984096, 9984136, 9984233, 9984323, 9984464, 9985160, 9985382, 9985604]);
agglos.push([9907095, 9912743, 9913486, 9913757, 9913980, 9914937]);
agglos.push([9906703, 9908069, 9908136, 9908221, 9908276, 9915722, 9915847, 9916058, 9916081, 9916626, 9917008, 9917190, 9917556, 9917783, 9917816, 9917894, 9917959, 9918125, 11108108]);
agglos.push([9909030, 9909294, 9909407, 9909408, 9909517, 9909525, 9909645, 9909911, 9910004, 9910197, 9910296, 9910303, 9910336, 9910406, 9910531, 9910555, 9910576, 9914188, 9914221, 9914253, 9914318, 9914467, 9914528, 9914811, 9914887, 9914944, 9915232, 9915267, 9915320, 9916543, 9917189, 9975896, 9975988, 9976064, 9976094, 9981566, 9981669, 9982130, 9982339, 9982678, 9982770, 9982798, 9982837, 9982995, 9983072, 9983179, 9983630, 9983707, 9983934, 11100482, 11100486, 11100492, 11100514, 11100538, 11100801]);
agglos.push([9906883, 9907074, 9907176, 9907208, 9907209, 9907744, 9908075, 9908384, 9908546, 9908610, 9914374, 9915120, 9915431, 9976039, 9976169, 9976227, 9976228, 9976249, 9977428, 9977565]);
agglos.push([9906728, 9907061, 9913605, 9913684, 9913713, 9913781, 9913884, 9913944, 9913999, 9914001, 9914119, 9914172, 9914268, 9914425, 9914493, 9914762]);
agglos.push([9906110, 9906266, 9906409, 9914465]);
agglos.push([9905973, 9906035, 9906315, 9906376]);
agglos.push([9905219, 9905935, 9906200, 9906233]);
agglos.push([9906091, 9908463, 9912072, 9913351, 9913357, 9913381, 9913422, 9913633, 9913847, 9914056, 9914270, 9914400, 9914520, 9915209, 9915742, 9915922, 9974938, 9975004, 9975064, 9975065, 9975089, 9975175, 9975209, 9975283, 9975512, 9982787, 9982994, 9983101, 9983134, 9983136, 9983178]);
agglos.push([9905822, 9905857, 9906036, 9906314, 9913870, 9914245, 9914304, 9914651, 9914656, 9914658, 9914771, 9914884, 9914885, 9914913, 9914914]);
agglos.push([9905817, 9905911]);
agglos.push([9913764, 9913785, 9913811, 9913852, 9913901, 9914008, 9914151, 9914174, 9914241, 9914343, 9914368, 9914652, 9914677, 9914796, 9915030, 9915208, 9915225, 9915226, 9915289, 9915313, 9915387, 9915580, 9915612, 9915615, 9915763, 9915766, 9915798, 9915885, 9915888, 9916004, 9916098, 9973904, 9974716, 9982465]);
agglos.push([9905741, 9906435, 9906538, 9906767, 9906832]);
agglos.push([9905696, 9905698, 9905737, 9905785, 9905968, 9913873, 9974485, 9974544, 9974962]);
agglos.push([9905278, 9913420]);
agglos.push([9905415, 9913315, 9913568, 9913777, 9913916, 9914025, 9914455]);
agglos.push([9905226, 9905522, 9905540, 9905623, 9913480, 9913548, 9913687, 9913805, 9913892, 9914212]);
agglos.push([9905601, 9905970, 9906426, 9906427, 9906501, 9906609, 9906640, 9912957, 9913095, 9913228, 9913354, 9913387, 9913472, 9913686, 9913747, 9913998, 9914095, 9914202, 9914206, 9914266, 9914297, 9914492, 9914824, 9914880, 9915179]);
agglos.push([9905602, 9906206, 9906614]);
agglos.push([9905399, 9905978, 9914351, 9973764, 9974800, 9975001, 9975031, 9975282, 9975804, 9975986, 9976798, 9976996, 9983167, 9983212, 9983214, 9983262, 9983266, 9983269, 9983300, 9983301, 9983303, 9983433, 9983434, 9983485, 9983510, 9983512, 9983594, 9983621, 9983739, 9983799, 9983914, 9984001, 9984348, 9984405, 9984506, 9984609, 9984726, 9984763, 9984791, 9985458]);
agglos.push([9904968, 9905547]);
agglos.push([9905425, 9913177, 9913258]);
agglos.push([9905327, 9905345, 9912965, 9913126, 9913151, 9913180, 9913207, 9913394, 9913482, 9913552, 9913553, 9913616, 9913727, 9913728, 9913783, 9913843, 9913875, 9913899, 9913921, 9913949, 9913951, 9914030, 9914153, 9914315]);
agglos.push([9905325, 9905326, 9912857, 9913148, 9913150]);
agglos.push([9904893, 9905190, 9906009, 9913784, 9914004, 9914249, 9914464, 9914746, 9915347, 9916083, 9916395, 9916631, 9916741, 9916953, 9917563, 9917742, 9918070, 9985909, 9986187, 9986554, 11108112]);
agglos.push([9904764, 9905150, 9905420, 9905840, 9906001, 9906171, 9906208, 9906237, 9906264, 9906309, 9906311, 9906312, 9906466, 9906504, 9906535, 9906833, 9906914, 9906954, 9906988, 9907030, 9907035, 9907066, 9907067, 9907099, 9907107, 9907203, 9907233, 9907235, 9907293, 9907362, 9907435, 9907438, 9907473, 9907550, 9907632, 9907709, 9907747, 9907748, 9907778, 9907781, 9907783, 9907807, 9907833, 9907860, 9907861, 9907948, 9907986, 9907987, 9908035, 9908135, 9908245, 9908350, 9908382, 9908478, 9912950, 9913868, 9914178, 9914308, 9977113, 9977454, 9977481]);
agglos.push([9905286, 9905422, 9905424, 9905782, 9905947, 9906005]);
agglos.push([9905323, 9905481, 9906107, 9906262, 9906338, 9906579, 9906878, 9913096]);
agglos.push([9905124, 9905189, 9905421, 9905449, 9905451, 9905477, 9905715, 9912812, 9913090, 9913281]);
agglos.push([9905101, 9905725, 9905890, 9906146, 9906177, 9906268, 9906580, 9906581, 9906583, 9906705, 9914185, 9914317, 9914591, 9914597, 9914600, 9914832, 9914834, 9914889, 9914918, 9915436, 9915624, 9915726, 9915810, 9915931, 9915963, 9916107, 9916579, 9916917, 9917080, 9974621, 9975227, 9975658, 9975692, 9983125, 9983343, 9983476, 9983535, 9983682, 9983966, 9983992, 9984176, 9984196, 9984260, 9984320, 9984341, 9984368, 9984369, 9984372, 9984404, 9984462, 9984573, 9984717, 9984725, 9984755, 9985077, 9985136, 9985248, 9985376, 9985507, 9985913, 9985979, 9986064, 9986411]);
agglos.push([9905538, 9905620, 9905701, 9905887, 9905975, 9906037, 9912960]);
agglos.push([9904470, 9904744, 9905253, 9905619, 9905671, 9905672, 9905784, 9905886, 9905942, 9906032, 9906064, 9906432]);
agglos.push([9903067, 9974136, 9974417, 9974898, 9975083, 9975256, 9975295, 9975411, 9975605, 9982178, 9982344, 9982610, 9982795, 9982857, 9983104, 9983106]);
agglos.push([9904897, 9912492, 9974442]);
agglos.push([9914475, 9982937, 9983505]);
agglos.push([9904954, 9905148, 9905313, 9906284, 9912354, 9913471, 9913473, 9913606, 9913634, 9913720, 9913803, 9913804, 9913919]);
agglos.push([9906440, 9906619, 9906812, 9906886, 9908076, 9915435, 9915437, 9915594, 9915929, 9916085, 9916239, 9916387, 9916451, 9917010, 9917014, 9918031, 9918126, 9918219, 9974015, 9975606, 9975659, 9975746, 9975830, 9976888, 9977121, 9977259, 9983292, 9983326, 9983795, 9983830, 9984043, 9984231, 9985319, 9986349, 9986642, 9986854, 9986886, 9986950, 11108095, 11108113, 11108119, 11108125, 11167997, 11168031, 11168507]);
agglos.push([9982878]);
agglos.push([9914126, 9914184, 9914466, 9914532, 9914687, 9915295]);
agglos.push([9914128, 9982835, 9983294, 9983859]);
agglos.push([9905067, 9905155, 9905372, 9905568, 9905720, 9913846, 9914125, 9914220]);
agglos.push([9904715, 9904917, 9905596, 9905694, 9905717, 9905759, 9905816, 9905839, 9905856, 9905882, 9905941, 9905971, 9905997, 9906002, 9906087, 9906104, 9906204, 9906259, 9906401, 9906404, 9906460, 9906463, 9914026, 9914049, 9914239, 9914615, 9914960, 9915665, 9915841, 9915915]);
agglos.push([9905197, 9913235, 9913287]);
agglos.push([9914180, 9914347, 9914497, 9914653]);
agglos.push([9982999, 9983233]);
agglos.push([9903638, 9912641, 9913836, 9914187, 9915038, 9983402, 9983655, 9983829, 9984719, 9985918]);
agglos.push([9904242, 9905188, 9905668]);
agglos.push([9985626]);

for(var i = 0; i < agglos.length; i++){
    var segIds = agglos[i];
    for(var j = 0; j < segIds.length; j++){
        mapping[segIds[j]] = (i + 1);
    }
}

var cube = app.oxalis.model.getSegmentationBinary().cube;
cube.setMapping(mapping);